分数,人数,累计人数
650分及以上,195.0,195.0
649分,28.0,223.0
648分,41.0,264.0
647分,29.0,293.0
646分,32.0,325.0
645分,40.0,365.0
644分,45.0,410.0
643分,40.0,450.0
642分,53.0,503.0
641分,50.0,553.0
640分,65.0,618.0
639分,54.0,672.0
638分,49.0,721.0
637分,82.0,803.0
636分,69.0,872.0
635分,72.0,944.0
634分,109.0,1053.0
633分,99.0,1152.0
632分,100.0,1252.0
631分,96.0,1348.0
630分,108.0,1456.0
629分,106.0,1562.0
628分,127.0,1689.0
627分,130.0,1819.0
626分,106.0,1925.0
625分,141.0,2066.0
624分,131.0,2197.0
623分,133.0,2330.0
622分,137.0,2467.0
621分,136.0,2603.0
620分,135.0,2738.0
619分,150.0,2888.0
618分,150.0,3038.0
617分,141.0,3179.0
616分,131.0,3310.0
615分,137.0,3447.0
614分,150.0,3597.0
613分,157.0,3754.0
612分,153.0,3907.0
611分,153.0,4060.0
610分,139.0,4199.0
609分,147.0,4346.0
608分,123.0,4469.0
607分,193.0,4662.0
606分,174.0,4836.0
605分,174.0,5010.0
604分,152.0,5162.0
603分,177.0,5339.0
602分,182.0,5521.0
601分,152.0,5673.0
600分,163.0,5836.0
599分,157.0,5993.0
598分,159.0,6152.0
597分,146.0,6298.0
596分,168.0,6466.0
595分,137.0,6603.0
594分,151.0,6754.0
593分,144.0,6898.0
592分,147.0,7045.0
591分,145.0,7190.0
590分,141.0,7331.0
589分,137.0,7468.0
588分,124.0,7592.0
587分,126.0,7718.0
586分,161.0,7879.0
585分,161.0,8040.0
584分,161.0,8201.0
583分,122.0,8323.0
582分,137.0,8460.0
581分,145.0,8605.0
580分,165.0,8770.0
579分,138.0,8908.0
578分,140.0,9048.0
577分,119.0,9167.0
576分,139.0,9306.0
575分,136.0,9442.0
574分,149.0,9591.0
573分,125.0,9716.0
572分,128.0,9844.0
571分,138.0,9982.0
570分,124.0,10106.0
569分,125.0,10231.0
568分,151.0,10382.0
567分,130.0,10512.0
566分,140.0,10652.0
565分,175.0,10827.0
564分,139.0,10966.0
563分,137.0,11103.0
562分,118.0,11221.0
561分,142.0,11363.0
560分,126.0,11489.0
559分,141.0,11630.0
558分,116.0,11746.0
557分,134.0,11880.0
556分,132.0,12012.0
555分,142.0,12154.0
554分,122.0,12276.0
553分,139.0,12415.0
552分,154.0,12569.0
551分,134.0,12703.0
550分,125.0,12828.0
549分,138.0,12966.0
548分,124.0,13090.0
547分,139.0,13229.0
546分,125.0,13354.0
545分,134.0,13488.0
544分,138.0,13626.0
543分,109.0,13735.0
542分,134.0,13869.0
541分,138.0,14007.0
540分,119.0,14126.0
539分,141.0,14267.0
538分,139.0,14406.0
537分,126.0,14532.0
536分,122.0,14654.0
535分,135.0,14789.0
534分,121.0,14910.0
533分,126.0,15036.0
532分,121.0,15157.0
531分,110.0,15267.0
530分,115.0,15382.0
529分,135.0,15517.0
528分,122.0,15639.0
527分,102.0,15741.0
526分,128.0,15869.0
525分,109.0,15978.0
524分,120.0,16098.0
523分,107.0,16205.0
522分,109.0,16314.0
521分,140.0,16454.0
520分,121.0,16575.0
519分,125.0,16700.0
518分,130.0,16830.0
517分,107.0,16937.0
516分,103.0,17040.0
515分,120.0,17160.0
514分,131.0,17291.0
513分,108.0,17399.0
512分,125.0,17524.0
511分,139.0,17663.0
510分,93.0,17756.0
509分,105.0,17861.0
508分,81.0,17942.0
507分,109.0,18051.0
506分,105.0,18156.0
505分,84.0,18240.0
504分,100.0,18340.0
503分,108.0,18448.0
502分,111.0,18559.0
501分,91.0,18650.0
500分,81.0,18731.0
499分,82.0,18813.0
498分,86.0,18899.0
497分,102.0,19001.0
496分,101.0,19102.0
495分,104.0,19206.0
494分,104.0,19310.0
493分,85.0,19395.0
492分,97.0,19492.0
491分,86.0,19578.0
490分,90.0,19668.0
489分,72.0,19740.0
488分,90.0,19830.0
487分,83.0,19913.0
486分,95.0,20008.0
485分,77.0,20085.0
484分,71.0,20156.0
483分,74.0,20230.0
482分,80.0,20310.0
481分,93.0,20403.0
480分,75.0,20478.0
479分,100.0,20578.0
478分,101.0,20679.0
477分,79.0,20758.0
476分,72.0,20830.0
475分,68.0,20898.0
474分,87.0,20985.0
473分,73.0,21058.0
472分,58.0,21116.0
471分,83.0,21199.0
470分,61.0,21260.0
469分,80.0,21340.0
468分,76.0,21416.0
467分,63.0,21479.0
466分,79.0,21558.0
465分,71.0,21629.0
464分,71.0,21700.0
463分,72.0,21772.0
462分,54.0,21826.0
461分,82.0,21908.0
460分,78.0,21986.0
459分,73.0,22059.0
458分,64.0,22123.0
457分,70.0,22193.0
456分,53.0,22246.0
455分,77.0,22323.0
454分,64.0,22387.0
453分,65.0,22452.0
452分,85.0,22537.0
451分,70.0,22607.0
450分,69.0,22676.0
449分,79.0,22755.0
448分,56.0,22811.0
447分,72.0,22883.0
446分,68.0,22951.0
445分,66.0,23017.0
444分,61.0,23078.0
443分,51.0,23129.0
442分,63.0,23192.0
441分,78.0,23270.0
440分,55.0,23325.0
439分,62.0,23387.0
438分,69.0,23456.0
437分,62.0,23518.0
436分,53.0,23571.0
435分,50.0,23621.0
434分,60.0,23681.0
433分,54.0,23735.0
432分,54.0,23789.0
431分,56.0,23845.0
430分,55.0,23900.0
429分,51.0,23951.0
428分,52.0,24003.0
427分,63.0,24066.0
426分,56.0,24122.0
425分,53.0,24175.0
424分,55.0,24230.0
423分,53.0,24283.0
422分,57.0,24340.0
421分,53.0,24393.0
420分,52.0,24445.0
419分,38.0,24483.0
418分,39.0,24522.0
417分,47.0,24569.0
416分,57.0,24626.0
415分,53.0,24679.0
414分,51.0,24730.0
413分,37.0,24767.0
412分,48.0,24815.0
411分,33.0,24848.0
410分,39.0,24887.0
409分,45.0,24932.0
408分,46.0,24978.0
407分,40.0,25018.0
406分,53.0,25071.0
405分,41.0,25112.0
404分,42.0,25154.0
403分,40.0,25194.0
402分,36.0,25230.0
401分,50.0,25280.0
400分,34.0,25314.0
400分以下路,,
